 ***************************************
 PARAMETERS
 ***************************************
 1  C= 0.00000000
 2  C= 0.00000000
 3  C= 1.00000000
 4  C= 9.80599976
 5  C= 2500000.00
 6  C= 1004.50000
 7  C= 0.607999980
 8  C= 0.389830500
 9  C= 4.06779654E-05
 10  C= 1.16000700
 11  C= 100.000000
 12  C= 100.000000
 13  C= 250.000000
 14  C= 100.000000
 15  C= 15000.0000
 16  C= 0.00000000
 17  C= 0.00000000
 18  C= 0.400000006
 19  C= 120.000000
 20  C= 0.00000000
 21  C= 100000.000
 22  C= 1.00000000
 23  C= 3.14159274
 24  C= 1.99999995E-04
 25  C= 0.00000000
 26  C= 0.00000000
 27  C= 0.00000000
 28  C= 0.00000000
 29  C= 0.00000000
 30  C= 298.130005
 31  C= 1.00000000
 32  C= 0.00000000
 33  C= 0.00000000
 34  C= 0.00000000
 35  C= 0.00000000
 36  C= 333600.000
 37  C= 0.00000000
 38  C= 0.00000000
 39  C= 0.00000000
 40  C= 2.77777785E-04
 41  C= 6.00000000
 42  C= 1.15740741E-05
 43  C= 0.00000000
 44  C= 0.00000000
 45  C= 0.00000000
 46  C= 0.00000000
 47  C= 0.00000000
 48  C= 0.00000000
 49  C= 0.00000000
 50  C= 0.00000000
 51  C= 0.00000000
 52  C= 0.00000000
 53  C= 0.00000000
 54  C= 0.00000000
 55  C= 0.00000000
 56  C= 0.00000000
 57  C= 0.00000000
 58  C= 0.00000000
 59  C= 0.00000000
 60  C= 0.00000000
 61  C= 0.500000000
 62  C= 300.000000
 63  C= 0.00000000
 64  C= 100.000000
 65  C= 0.00000000
 66  C= 0.00000000
 67  C= 0.00000000
 68  C= 0.00000000
 69  C= 0.00000000
 70  C= 1.00000000
 71  C= 0.00000000
 72  C= 7200.00000
 73  C= 0.00000000
 74  C= 0.00000000
 75  C= 0.00000000
 76  C= 0.00000000
 77  C= 0.00000000
 78  C= 0.00000000
 79  C= 0.00000000
 80  C= 0.00000000
 1  IC= 86401
 2  IC= 0
 3  IC= 0
 4  IC= 0
 5  IC= 0
 6  IC= 0
 7  IC= 120
 8  IC= 360
 9  IC= 360
 10  IC= 0
 11  IC= 0
 12  IC= 0
 13  IC= 0
 14  IC= 3182073
 15  IC= 1
 16  IC= 10
 17  IC= 0
 18  IC= 120
 19  IC= 86400
 20  IC= 0
 21  IC= 0
 22  IC= 0
 23  IC= 6
 24  IC= 0
 25  IC= 1
 26  IC= 60
 27  IC= 180
 28  IC= 0
 29  IC= 0
 30  IC= 0
 31  IC= 0
 32  IC= 0
 33  IC= 0
 34  IC= 0
 35  IC= 0
 36  IC= 0
 37  IC= 0
 38  IC= 0
 39  IC= 0
 40  IC= 0
 41  IC= 0
 42  IC= 0
 43  IC= 0
 44  IC= 120
 45  IC= 0
 46  IC= 0
 47  IC= 0
 48  IC= 0
 49  IC= 0
 50  IC= 0
 51  IC= 999999
 52  IC= 1
 53  IC= 999999
 54  IC= 999999
 55  IC= 999999
 56  IC= 999999
 57  IC= 999999
 58  IC= 999999
 59  IC= 999999
 60  IC= 999999
 1  LC= F
 2  LC= F
 3  LC= F
 4  LC= F
 5  LC= F
 6  LC= F
 7  LC= F
 8  LC= F
 9  LC= F
 10  LC= F
 11  LC= F
 12  LC= F
 13  LC= F
 14  LC= F
 15  LC= F
 16  LC= F
 17  LC= F
 18  LC= F
 19  LC= F
 20  LC= T
 21  LC= F
 22  LC= F
 23  LC= F
 24  LC= F
 25  LC= F
 26  LC= F
 27  LC= F
 28  LC= F
 29  LC= F
 30  LC= T
 31  LC= F
 32  LC= F
 33  LC= F
 34  LC= F
 35  LC= F
 36  LC= F
 37  LC= F
 38  LC= F
 39  LC= F
 40  LC= F
 ***************************************
 I.C.
 ***************************************
 K, ZZ(K),ZT(K),FNZ(K),FNT(K)
 =======================================
  1       0.000       0.000       2.565       2.565
  2     100.000      49.364       2.438       2.500
  3     205.085     151.907       2.323       2.379
  4     315.254     259.534       2.218       2.269
  5     430.508     372.246       2.122       2.169
  6     550.847     490.042       2.034       2.077
  7     676.271     612.924       1.954       1.993
  8     806.780     740.890       1.879       1.916
  9     942.373     873.941       1.810       1.844
 10    1083.051    1012.076       1.746       1.777
 11    1228.814    1155.297       1.686       1.715
 12    1379.661    1303.602       1.630       1.657
 13    1535.593    1456.992       1.578       1.603
 14    1696.610    1615.466       1.528       1.553
 15    1862.712    1779.025       1.482       1.505
 16    2033.898    1947.669       1.439       1.460
 17    2210.169    2121.398       1.398       1.418
 18    2391.525    2300.212       1.359       1.379
 19    2577.966    2484.110       1.323       1.341
 20    2769.491    2673.093       1.288       1.305
 21    2966.102    2867.161       1.255       1.272
 22    3167.797    3066.313       1.224       1.239
 23    3374.576    3270.551       1.194       1.209
 24    3586.441    3479.873       1.166       1.180
 25    3803.390    3694.280       1.139       1.152
 26    4025.424    3913.771       1.113       1.126
 27    4252.542    4138.348       1.089       1.101
 28    4484.746    4368.008       1.065       1.077
 29    4722.034    4602.754       1.042       1.054
 30    4964.407    4842.585       1.021       1.031
 31    5211.864    5087.500       1.000       1.010
 32    5464.407    5337.500       0.980       0.990
 33    5722.034    5592.585       0.961       0.970
 34    5984.746    5852.754       0.942       0.952
 35    6252.542    6118.008       0.925       0.934
 36    6525.424    6388.348       0.908       0.916
 37    6803.390    6663.771       0.891       0.899
 38    7086.441    6944.280       0.875       0.883
 39    7374.576    7229.873       0.860       0.868
 40    7667.796    7520.551       0.845       0.853
 41    7966.102    7816.313       0.831       0.838
 42    8269.491    8117.161       0.817       0.824
 43    8577.966    8423.093       0.804       0.810
 44    8891.525    8734.110       0.791       0.797
 45    9210.170    9050.212       0.778       0.785
 46    9533.898    9371.398       0.766       0.772
 47    9862.712    9697.670       0.754       0.760
 48   10196.610   10029.025       0.743       0.749
 49   10535.593   10365.466       0.732       0.738
 50   10879.661   10706.991       0.721       0.727
 51   11228.813   11053.602       0.711       0.716
 52   11583.051   11405.297       0.701       0.706
 53   11942.373   11762.076       0.691       0.696
 54   12306.779   12123.940       0.681       0.686
 55   12676.271   12490.890       0.672       0.677
 56   13050.848   12862.924       0.663       0.667
 57   13430.509   13240.042       0.654       0.658
 58   13815.254   13622.246       0.646       0.650
 59   14205.085   14009.534       0.637       0.641
 60   14600.000   14401.907       0.629       0.633
 61   15000.000   14799.364       0.621       0.625
 62   15405.085   15201.907       0.613       0.617
 63   15815.254   15609.534       0.606       0.610
 64   16230.509   16022.246       0.598       0.602
 65   16650.848   16440.043       0.591       0.595
 66   17076.271   16862.924       0.584       0.588
 67   17506.779   17290.891       0.577       0.581
 68   17942.373   17723.941       0.571       0.574
 69   18383.051   18162.076       0.564       0.567
 70   18828.814   18605.297       0.558       0.561
 71   19279.660   19053.602       0.551       0.555
 ============================================
 K, RHO(K),THBAR(K),PBAR(K),PIBAR(K),QVBAR(K)
 ============================================
  1       1.144     298.130  100000.000       1.000   0.167E-01
  2       1.139     298.387   99447.312       0.998   0.165E-01
  3       1.130     298.920   98306.242       0.995   0.163E-01
  4       1.120     299.480   97118.805       0.992   0.160E-01
  5       1.109     300.066   95886.812       0.988   0.157E-01
  6       1.098     300.678   94612.172       0.984   0.154E-01
  7       1.085     301.317   93297.039       0.980   0.151E-01
  8       1.072     301.983   91943.430       0.976   0.148E-01
  9       1.059     302.674   90552.984       0.972   0.145E-01
 10       1.046     303.393   89127.492       0.968   0.141E-01
 11       1.032     304.138   87668.914       0.963   0.138E-01
 12       1.017     304.909   86179.281       0.958   0.134E-01
 13       1.002     305.706   84660.648       0.954   0.130E-01
 14       0.987     306.530   83115.109       0.949   0.125E-01
 15       0.971     307.381   81544.820       0.943   0.119E-01
 16       0.955     308.258   79951.914       0.938   0.113E-01
 17       0.939     309.161   78338.547       0.933   0.107E-01
 18       0.922     310.091   76706.805       0.927   0.101E-01
 19       0.906     311.047   75058.719       0.921   0.950E-02
 20       0.889     312.030   73396.125       0.915   0.894E-02
 21       0.872     313.039   71720.859       0.909   0.840E-02
 22       0.855     313.975   70034.953       0.903   0.782E-02
 23       0.838     314.935   68340.133       0.897   0.727E-02
 24       0.821     315.919   66638.070       0.890   0.674E-02
 25       0.803     316.927   64930.777       0.884   0.623E-02
 26       0.786     317.958   63220.117       0.877   0.575E-02
 27       0.769     319.014   61507.965       0.870   0.529E-02
 28       0.751     320.093   59796.316       0.863   0.486E-02
 29       0.733     321.197   58087.594       0.856   0.445E-02
 30       0.715     322.324   56384.121       0.849   0.407E-02
 31       0.697     323.475   54687.758       0.842   0.371E-02
 32       0.679     324.650   53000.305       0.834   0.337E-02
 33       0.661     325.849   51323.527       0.826   0.305E-02
 34       0.643     327.072   49659.094       0.819   0.275E-02
 35       0.626     328.318   48008.402       0.811   0.247E-02
 36       0.608     329.589   46372.859       0.803   0.222E-02
 37       0.591     330.883   44754.020       0.795   0.198E-02
 38       0.573     332.202   43153.188       0.787   0.176E-02
 39       0.556     333.544   41571.660       0.778   0.156E-02
 40       0.539     334.910   40010.867       0.770   0.138E-02
 41       0.522     336.300   38471.887       0.761   0.121E-02
 42       0.506     337.323   36955.738       0.752   0.103E-02
 43       0.489     338.363   35463.699       0.744   0.869E-03
 44       0.473     339.421   33996.590       0.735   0.729E-03
 45       0.457     340.496   32554.982       0.726   0.607E-03
 46       0.442     341.588   31139.838       0.716   0.502E-03
 47       0.426     342.697   29752.178       0.707   0.411E-03
 48       0.411     343.823   28392.623       0.698   0.333E-03
 49       0.396     344.967   27061.838       0.688   0.267E-03
 50       0.381     346.129   25760.764       0.679   0.211E-03
 51       0.367     347.307   24490.158       0.669   0.167E-03
 52       0.352     348.503   23250.521       0.659   0.133E-03
 53       0.338     349.716   22042.402       0.649   0.105E-03
 54       0.325     350.946   20866.420       0.639   0.654E-04
 55       0.311     352.194   19723.164       0.629   0.487E-04
 56       0.298     353.459   18613.193       0.619   0.358E-04
 57       0.284     357.569   17537.012       0.608   0.325E-04
 58       0.272     361.735   16495.166       0.598   0.291E-04
 59       0.259     365.957   15488.124       0.587   0.258E-04
 60       0.246     370.234   14516.503       0.576   0.225E-04
 61       0.234     374.566   13581.102       0.565   0.193E-04
 62       0.222     378.954   12682.289       0.554   0.164E-04
 63       0.209     383.397   11821.479       0.543   0.136E-04
 64       0.197     387.895   11000.162       0.532   0.112E-04
 65       0.185     392.449   10218.140       0.521   0.905E-05
 66       0.172     397.059    9478.579       0.510   0.722E-05
 67       0.159     401.724    8785.239       0.499   0.570E-05
 68       0.147     406.444    8137.234       0.488   0.446E-05
 69       0.135     411.219    7532.100       0.478   0.346E-05
 70       0.125     416.051    6967.633       0.467   0.266E-05
 71       0.114     420.937    6444.259       0.457   0.203E-05
 ============================================
 K,UG(K),Q1LS(K),Q2LS(K)
 ============================================
  1       4.052       0.000   0.000E+00   0.000E+00
  2       4.052       0.000  -0.781E-05   0.348E-07
  3       3.740       0.000  -0.278E-04   0.507E-07
  4       3.453       0.000  -0.503E-04   0.690E-07
  5       3.155       0.000  -0.738E-04   0.880E-07
  6       2.846       0.000  -0.983E-04   0.108E-06
  7       2.528       0.000  -0.119E-03   0.118E-06
  8       2.200       0.000  -0.140E-03   0.128E-06
  9       1.864       0.000  -0.161E-03   0.139E-06
 10       1.519       0.000  -0.183E-03   0.148E-06
 11       1.166       0.000  -0.198E-03   0.149E-06
 12       0.806       0.000  -0.213E-03   0.151E-06
 13       0.438       0.000  -0.229E-03   0.152E-06
 14       0.064       0.000  -0.243E-03   0.152E-06
 15      -0.053       0.000  -0.252E-03   0.150E-06
 16      -0.117       0.000  -0.262E-03   0.147E-06
 17      -0.183       0.000  -0.271E-03   0.145E-06
 18      -0.249       0.000  -0.279E-03   0.141E-06
 19      -0.315       0.000  -0.286E-03   0.138E-06
 20      -0.382       0.000  -0.292E-03   0.134E-06
 21      -0.450       0.000  -0.298E-03   0.130E-06
 22      -0.518       0.000  -0.304E-03   0.125E-06
 23      -0.587       0.000  -0.309E-03   0.120E-06
 24      -0.656       0.000  -0.314E-03   0.116E-06
 25      -0.725       0.000  -0.319E-03   0.111E-06
 26      -0.794       0.000  -0.324E-03   0.106E-06
 27      -0.863       0.000  -0.326E-03   0.101E-06
 28      -0.933       0.000  -0.328E-03   0.966E-07
 29      -1.000       0.000  -0.330E-03   0.920E-07
 30      -1.000       0.000  -0.333E-03   0.874E-07
 31      -1.000       0.000  -0.330E-03   0.832E-07
 32      -1.000       0.000  -0.328E-03   0.789E-07
 33      -1.000       0.000  -0.326E-03   0.747E-07
 34      -1.000       0.000  -0.323E-03   0.705E-07
 35      -1.000       0.000  -0.318E-03   0.662E-07
 36      -1.000       0.000  -0.313E-03   0.618E-07
 37      -1.000       0.000  -0.308E-03   0.575E-07
 38      -1.000       0.000  -0.302E-03   0.532E-07
 39      -1.000       0.000  -0.294E-03   0.491E-07
 40      -1.000       0.000  -0.286E-03   0.450E-07
 41      -1.000       0.000  -0.277E-03   0.410E-07
 42      -1.000       0.000  -0.268E-03   0.371E-07
 43      -1.000       0.000  -0.251E-03   0.333E-07
 44      -1.000       0.000  -0.235E-03   0.296E-07
 45      -1.000       0.000  -0.219E-03   0.260E-07
 46      -1.000       0.000  -0.200E-03   0.225E-07
 47      -1.000       0.000  -0.177E-03   0.192E-07
 48      -1.000       0.000  -0.154E-03   0.161E-07
 49      -1.000       0.000  -0.132E-03   0.130E-07
 50      -1.000       0.000  -0.113E-03   0.105E-07
 51      -1.000       0.000  -0.944E-04   0.825E-08
 52      -1.000       0.000  -0.762E-04   0.601E-08
 53      -1.000       0.000  -0.622E-04   0.436E-08
 54      -1.000       0.000  -0.519E-04   0.319E-08
 55      -1.000       0.000  -0.416E-04   0.204E-08
 56      -1.000       0.000  -0.327E-04   0.123E-08
 57      -1.000       0.000  -0.257E-04   0.838E-09
 58      -1.000       0.000  -0.187E-04   0.461E-09
 59      -1.000       0.000  -0.131E-04   0.226E-09
 60      -1.000       0.000  -0.892E-05   0.123E-09
 61      -1.000       0.000  -0.472E-05   0.235E-10
 62      -1.000       0.000   0.000E+00   0.000E+00
 63      -1.000       0.000   0.000E+00   0.000E+00
 64      -1.000       0.000   0.000E+00   0.000E+00
 65      -1.000       0.000   0.000E+00   0.000E+00
 66      -1.000       0.000   0.000E+00   0.000E+00
 67      -1.000       0.000   0.000E+00   0.000E+00
 68      -1.000       0.000   0.000E+00   0.000E+00
 69      -1.000       0.000   0.000E+00   0.000E+00
 70      -1.000       0.000   0.000E+00   0.000E+00
 71      -1.000       0.000   0.000E+00   0.000E+00
 ============================================
 K, RHOZ(K)
 ============================================
  1       1.144
  2       1.135
  3       1.125
  4       1.115
  5       1.103
  6       1.091
  7       1.079
  8       1.066
  9       1.052
 10       1.039
 11       1.024
 12       1.010
 13       0.995
 14       0.979
 15       0.963
 16       0.947
 17       0.931
 18       0.914
 19       0.897
 20       0.880
 21       0.863
 22       0.846
 23       0.829
 24       0.812
 25       0.795
 26       0.777
 27       0.760
 28       0.742
 29       0.724
 30       0.706
 31       0.688
 32       0.670
 33       0.652
 34       0.635
 35       0.617
 36       0.599
 37       0.582
 38       0.565
 39       0.547
 40       0.531
 41       0.514
 42       0.497
 43       0.481
 44       0.465
 45       0.449
 46       0.434
 47       0.418
 48       0.403
 49       0.388
 50       0.374
 51       0.359
 52       0.345
 53       0.331
 54       0.318
 55       0.304
 56       0.291
 57       0.278
 58       0.265
 59       0.252
 60       0.240
 61       0.228
 62       0.215
 63       0.203
 64       0.191
 65       0.178
 66       0.165
 67       0.152
 68       0.141
 69       0.130
 70       0.119
